10 10 10 11 9 
10 10 10 13 14 
10 10 10 13 16 
10 10 10 13 14 
10 10 10 13 18 
10 10 10 13 18 
10 10 10 13 9 
10 10 10 11 14 
10 10 10 11 16 
10 10 10 11 14 
10 10 10 11 18 
10 10 10 11 18 
10 10 10 11 9 
10 10 10 15 14 
10 10 10 15 16 
10 10 10 15 14 
10 10 10 15 18 
10 10 10 15 18 
10 10 10 15 9 
10 10 10 15 14 
10 10 10 15 16 
10 10 10 15 14 
10 10 10 15 18 
10 10 10 15 18 
10 10 10 15 9 
10 10 10 6 14 
10 10 10 6 16 
10 10 10 6 14 
10 10 10 6 18 
10 10 10 6 18 
10 10 10 6 9 
10 10 12 11 14 
10 10 12 11 16 
10 10 12 11 14 
10 10 12 11 18 
10 10 12 11 18 
10 10 12 11 9 
10 10 12 13 14 
10 10 12 13 16 
10 10 12 13 14 
10 10 12 13 18 
10 10 12 13 18 
10 10 12 13 9 
10 10 12 11 14 
10 10 12 11 16 
10 10 12 11 14 
10 10 12 11 18 
10 10 12 11 18 
10 10 12 11 9 
10 10 12 15 14 
10 10 12 15 16 
10 10 12 15 14 
10 10 12 15 18 
10 10 12 15 18 
10 10 12 15 9 
10 10 12 15 14 
10 10 12 15 16 
10 10 12 15 14 
10 10 12 15 18 
10 10 12 15 18 
10 10 12 15 9 
10 10 12 6 14 
10 10 12 6 16 
10 10 12 6 14 
10 10 12 6 18 
10 10 12 6 18 
10 10 12 6 9 
10 10 10 11 14 
10 10 10 11 16 
10 10 10 11 14 
10 10 10 11 18 
10 10 10 11 18 
10 10 10 11 9 
10 10 10 13 14 
10 10 10 13 16 
10 10 10 13 14 
10 10 10 13 18 
10 10 10 13 18 
10 10 10 13 9 
10 10 10 11 14 
10 10 10 11 16 
10 10 10 11 14 
10 10 10 11 18 
10 10 10 11 18 
10 10 10 11 9 
10 10 10 15 14 
10 10 10 15 16 
10 10 10 15 14 
10 10 10 15 18 
10 10 10 15 18 
10 10 10 15 9 
10 10 10 15 14 
10 10 10 15 16 
10 10 10 15 14 
10 10 10 15 18 
10 10 10 15 18 
10 10 10 15 9 
10 10 10 6 14 
10 10 10 6 16 
10 10 10 6 14 
10 10 10 6 18 
10 10 10 6 18 
10 10 10 6 9 
10 10 14 11 14 
10 10 14 11 16 
10 10 14 11 14 
10 10 14 11 18 
10 10 14 11 18 
10 10 14 11 9 
10 10 14 13 14 
10 10 14 13 16 
10 10 14 13 14 
10 10 14 13 18 
10 10 14 13 18 
10 10 14 13 9 
10 10 14 11 14 
10 10 14 11 16 
10 10 14 11 14 
10 10 14 11 18 
10 10 14 11 18 
10 10 14 11 9 
10 10 14 15 14 
10 10 14 15 16 
10 10 14 15 14 
10 10 14 15 18 
10 10 14 15 18 
10 10 14 15 9 
10 10 14 15 14 
10 10 14 15 16 
10 10 14 15 14 
10 10 14 15 18 
10 10 14 15 18 
10 10 14 15 9 
10 10 14 6 14 
10 10 14 6 16 
10 10 14 6 14 
10 10 14 6 18 
10 10 14 6 18 
10 10 14 6 9 
10 10 14 11 14 
10 10 14 11 16 
10 10 14 11 14 
10 10 14 11 18 
10 10 14 11 18 
10 10 14 11 9 
10 10 14 13 14 
10 10 14 13 16 
10 10 14 13 14 
10 10 14 13 18 
10 10 14 13 18 
10 10 14 13 9 
10 10 14 11 14 
10 10 14 11 16 
10 10 14 11 14 
10 10 14 11 18 
10 10 14 11 18 
10 10 14 11 9 
10 10 14 15 14 
10 10 14 15 16 
10 10 14 15 14 
10 10 14 15 18 
10 10 14 15 18 
10 10 14 15 9 
10 10 14 15 14 
10 10 14 15 16 
10 10 14 15 14 
10 10 14 15 18 
10 10 14 15 18 
10 10 14 15 9 
10 10 14 6 14 
10 10 14 6 16 
10 10 14 6 14 
10 10 14 6 18 
10 10 14 6 18 
10 10 14 6 9 
10 10 5 11 14 
10 10 5 11 16 
10 10 5 11 14 
10 10 5 11 18 
10 10 5 11 18 
10 10 5 11 9 
10 10 5 13 14 
10 10 5 13 16 
10 10 5 13 14 
10 10 5 13 18 
10 10 5 13 18 
10 10 5 13 9 
10 10 5 11 14 
10 10 5 11 16 
10 10 5 11 14 
10 10 5 11 18 
10 10 5 11 18 
10 10 5 11 9 
10 10 5 15 14 
10 10 5 15 16 
10 10 5 15 14 
10 10 5 15 18 
10 10 5 15 18 
10 10 5 15 9 
10 10 5 15 14 
10 10 5 15 16 
10 10 5 15 14 
10 10 5 15 18 
10 10 5 15 18 
10 10 5 15 9 
10 10 5 6 14 
10 10 5 6 16 
10 10 5 6 14 
10 10 5 6 18 
10 10 5 6 18 
10 10 5 6 9 
10 10 10 11 14 
10 10 10 11 16 
10 10 10 11 14 
10 10 10 11 18 
10 10 10 11 18 
10 10 10 11 9 
10 10 10 13 14 
10 10 10 13 16 
10 10 10 13 14 
10 10 10 13 18 
10 10 10 13 18 
10 10 10 13 9 
10 10 10 11 14 
10 10 10 11 16 
10 10 10 11 14 
10 10 10 11 18 
10 10 10 11 18 
10 10 10 11 9 
10 10 10 15 14 
10 10 10 15 16 
10 10 10 15 14 
10 10 10 15 18 
10 10 10 15 18 
10 10 10 15 9 
10 10 10 15 14 
10 10 10 15 16 
10 10 10 15 14 
10 10 10 15 18 
10 10 10 15 18 
10 10 10 15 9 
10 10 10 6 14 
10 10 10 6 16 
10 10 10 6 14 
10 10 10 6 18 
10 10 10 6 18 
10 10 10 6 9 
10 10 12 11 14 
10 10 12 11 16 
10 10 12 11 14 
10 10 12 11 18 
10 10 12 11 18 
10 10 12 11 9 
10 10 12 13 14 
10 10 12 13 16 
10 10 12 13 14 
10 10 12 13 18 
10 10 12 13 18 
10 10 12 13 9 
10 10 12 11 14 
10 10 12 11 16 
10 10 12 11 14 
10 10 12 11 18 
10 10 12 11 18 
10 10 12 11 9 
10 10 12 15 14 
10 10 12 15 16 
10 10 12 15 14 
10 10 12 15 18 
10 10 12 15 18 
10 10 12 15 9 
10 10 12 15 14 
10 10 12 15 16 
10 10 12 15 14 
10 10 12 15 18 
10 10 12 15 18 
10 10 12 15 9 
10 10 12 6 14 
10 10 12 6 16 
10 10 12 6 14 
10 10 12 6 18 
10 10 12 6 18 
10 10 12 6 9 
10 10 10 11 14 
10 10 10 11 16 
10 10 10 11 14 
10 10 10 11 18 
10 10 10 11 18 
10 10 10 11 9 
10 10 10 13 14 
10 10 10 13 16 
10 10 10 13 14 
10 10 10 13 18 
10 10 10 13 18 
10 10 10 13 9 
10 10 10 11 14 
10 10 10 11 16 
10 10 10 11 14 
10 10 10 11 18 
10 10 10 11 18 
10 10 10 11 9 
10 10 10 15 14 
10 10 10 15 16 
10 10 10 15 14 
10 10 10 15 18 
10 10 10 15 18 
10 10 10 15 9 
10 10 10 15 14 
10 10 10 15 16 
10 10 10 15 14 
10 10 10 15 18 
10 10 10 15 18 
10 10 10 15 9 
10 10 10 6 14 
10 10 10 6 16 
10 10 10 6 14 
10 10 10 6 18 
10 10 10 6 18 
10 10 10 6 9 
10 10 14 11 14 
10 10 14 11 16 
10 10 14 11 14 
10 10 14 11 18 
10 10 14 11 18 
10 10 14 11 9 
10 10 14 13 14 
10 10 14 13 16 
10 10 14 13 14 
10 10 14 13 18 
10 10 14 13 18 
10 10 14 13 9 
10 10 14 11 14 
10 10 14 11 16 
10 10 14 11 14 
10 10 14 11 18 
10 10 14 11 18 
10 10 14 11 9 
10 10 14 15 14 
10 10 14 15 16 
10 10 14 15 14 
10 10 14 15 18 
10 10 14 15 18 
10 10 14 15 9 
10 10 14 15 14 
10 10 14 15 16 
10 10 14 15 14 
10 10 14 15 18 
10 10 14 15 18 
10 10 14 15 9 
10 10 14 6 14 
10 10 14 6 16 
10 10 14 6 14 
10 10 14 6 18 
10 10 14 6 18 
10 10 14 6 9 
10 10 14 11 14 
10 10 14 11 16 
10 10 14 11 14 
10 10 14 11 18 
10 10 14 11 18 
10 10 14 11 9 
10 10 14 13 14 
10 10 14 13 16 
10 10 14 13 14 
10 10 14 13 18 
10 10 14 13 18 
10 10 14 13 9 
10 10 14 11 14 
10 10 14 11 16 
10 10 14 11 14 
10 10 14 11 18 
10 10 14 11 18 
10 10 14 11 9 
10 10 14 15 14 
10 10 14 15 16 
10 10 14 15 14 
10 10 14 15 18 
10 10 14 15 18 
10 10 14 15 9 
10 10 14 15 14 
10 10 14 15 16 
10 10 14 15 14 
10 10 14 15 18 
10 10 14 15 18 
10 10 14 15 9 
10 10 14 6 14 
10 10 14 6 16 
10 10 14 6 14 
10 10 14 6 18 
10 10 14 6 18 
10 10 14 6 9 
10 10 5 11 14 
10 10 5 11 16 
10 10 5 11 14 
10 10 5 11 18 
10 10 5 11 18 
10 10 5 11 9 
10 10 5 13 14 
10 10 5 13 16 
10 10 5 13 14 
10 10 5 13 18 
10 10 5 13 18 
10 10 5 13 9 
10 10 5 11 14 
10 10 5 11 16 
10 10 5 11 14 
10 10 5 11 18 
10 10 5 11 18 
10 10 5 11 9 
10 10 5 15 14 
10 10 5 15 16 
10 10 5 15 14 
10 10 5 15 18 
10 10 5 15 18 
10 10 5 15 9 
10 10 5 15 14 
10 10 5 15 16 
10 10 5 15 14 
10 10 5 15 18 
10 10 5 15 18 
10 10 5 15 9 
10 10 5 6 14 
10 10 5 6 16 
10 10 5 6 14 
10 10 5 6 18 
10 10 5 6 18 
10 10 5 6 9 
10 1 10 11 14 
10 1 10 11 16 
10 1 10 11 14 
10 1 10 11 18 
10 1 10 11 18 
10 1 10 11 9 
10 1 10 13 14 
10 1 10 13 16 
10 1 10 13 14 
10 1 10 13 18 
10 1 10 13 18 
10 1 10 13 9 
10 1 10 11 14 
10 1 10 11 16 
10 1 10 11 14 
10 1 10 11 18 
10 1 10 11 18 
10 1 10 11 9 
10 1 10 15 14 
10 1 10 15 16 
10 1 10 15 14 
10 1 10 15 18 
10 1 10 15 18 
10 1 10 15 9 
10 1 10 15 14 
10 1 10 15 16 
10 1 10 15 14 
10 1 10 15 18 
10 1 10 15 18 
10 1 10 15 9 
10 1 10 6 14 
10 1 10 6 16 
10 1 10 6 14 
10 1 10 6 18 
10 1 10 6 18 
10 1 10 6 9 
10 1 12 11 14 
10 1 12 11 16 
10 1 12 11 14 
10 1 12 11 18 
10 1 12 11 18 
10 1 12 11 9 
10 1 12 13 14 
10 1 12 13 16 
10 1 12 13 14 
10 1 12 13 18 
10 1 12 13 18 
10 1 12 13 9 
10 1 12 11 14 
10 1 12 11 16 
10 1 12 11 14 
10 1 12 11 18 
10 1 12 11 18 
10 1 12 11 9 
10 1 12 15 14 
10 1 12 15 16 
10 1 12 15 14 
10 1 12 15 18 
10 1 12 15 18 
10 1 12 15 9 
10 1 12 15 14 
10 1 12 15 16 
10 1 12 15 14 
10 1 12 15 18 
10 1 12 15 18 
10 1 12 15 9 
10 1 12 6 14 
10 1 12 6 16 
10 1 12 6 14 
10 1 12 6 18 
10 1 12 6 18 
10 1 12 6 9 
10 1 10 11 14 
10 1 10 11 16 
10 1 10 11 14 
10 1 10 11 18 
10 1 10 11 18 
10 1 10 11 9 
10 1 10 13 14 
10 1 10 13 16 
10 1 10 13 14 
10 1 10 13 18 
10 1 10 13 18 
10 1 10 13 9 
10 1 10 11 14 
10 1 10 11 16 
10 1 10 11 14 
10 1 10 11 18 
10 1 10 11 18 
10 1 10 11 9 
10 1 10 15 14 
10 1 10 15 16 
10 1 10 15 14 
10 1 10 15 18 
10 1 10 15 18 
10 1 10 15 9 
10 1 10 15 14 
10 1 10 15 16 
10 1 10 15 14 
10 1 10 15 18 
10 1 10 15 18 
10 1 10 15 9 
10 1 10 6 14 
10 1 10 6 16 
10 1 10 6 14 
10 1 10 6 18 
10 1 10 6 18 
10 1 10 6 9 
10 1 14 11 14 
10 1 14 11 16 
10 1 14 11 14 
10 1 14 11 18 
10 1 14 11 18 
10 1 14 11 9 
10 1 14 13 14 
10 1 14 13 16 
10 1 14 13 14 
10 1 14 13 18 
10 1 14 13 18 
10 1 14 13 9 
10 1 14 11 14 
10 1 14 11 16 
10 1 14 11 14 
10 1 14 11 18 
10 1 14 11 18 
10 1 14 11 9 
10 1 14 15 14 
10 1 14 15 16 
10 1 14 15 14 
10 1 14 15 18 
10 1 14 15 18 
10 1 14 15 9 
10 1 14 15 14 
10 1 14 15 16 
10 1 14 15 14 
10 1 14 15 18 
10 1 14 15 18 
10 1 14 15 9 
10 1 14 6 14 
10 1 14 6 16 
10 1 14 6 14 
10 1 14 6 18 
10 1 14 6 18 
10 1 14 6 9 
10 1 14 11 14 
10 1 14 11 16 
10 1 14 11 14 
10 1 14 11 18 
10 1 14 11 18 
10 1 14 11 9 
10 1 14 13 14 
10 1 14 13 16 
10 1 14 13 14 
10 1 14 13 18 
10 1 14 13 18 
10 1 14 13 9 
10 1 14 11 14 
10 1 14 11 16 
10 1 14 11 14 
10 1 14 11 18 
10 1 14 11 18 
10 1 14 11 9 
10 1 14 15 14 
10 1 14 15 16 
10 1 14 15 14 
10 1 14 15 18 
10 1 14 15 18 
10 1 14 15 9 
10 1 14 15 14 
10 1 14 15 16 
10 1 14 15 14 
10 1 14 15 18 
10 1 14 15 18 
10 1 14 15 9 
10 1 14 6 14 
10 1 14 6 16 
10 1 14 6 14 
10 1 14 6 18 
10 1 14 6 18 
10 1 14 6 9 
10 1 5 11 14 
10 1 5 11 16 
10 1 5 11 14 
10 1 5 11 18 
10 1 5 11 18 
10 1 5 11 9 
10 1 5 13 14 
10 1 5 13 16 
10 1 5 13 14 
10 1 5 13 18 
10 1 5 13 18 
10 1 5 13 9 
10 1 5 11 14 
10 1 5 11 16 
10 1 5 11 14 
10 1 5 11 18 
10 1 5 11 18 
10 1 5 11 9 
10 1 5 15 14 
10 1 5 15 16 
10 1 5 15 14 
10 1 5 15 18 
10 1 5 15 18 
10 1 5 15 9 
10 1 5 15 14 
10 1 5 15 16 
10 1 5 15 14 
10 1 5 15 18 
10 1 5 15 18 
10 1 5 15 9 
10 1 5 6 14 
10 1 5 6 16 
10 1 5 6 14 
10 1 5 6 18 
10 1 5 6 18 
10 1 5 6 9 
10 6 10 11 14 
10 6 10 11 16 
10 6 10 11 14 
10 6 10 11 18 
10 6 10 11 18 
10 6 10 11 9 
10 6 10 13 14 
10 6 10 13 16 
10 6 10 13 14 
10 6 10 13 18 
10 6 10 13 18 
10 6 10 13 9 
10 6 10 11 14 
10 6 10 11 16 
10 6 10 11 14 
10 6 10 11 18 
10 6 10 11 18 
10 6 10 11 9 
10 6 10 15 14 
10 6 10 15 16 
10 6 10 15 14 
10 6 10 15 18 
10 6 10 15 18 
10 6 10 15 9 
10 6 10 15 14 
10 6 10 15 16 
10 6 10 15 14 
10 6 10 15 18 
10 6 10 15 18 
10 6 10 15 9 
10 6 10 6 14 
10 6 10 6 16 
10 6 10 6 14 
10 6 10 6 18 
10 6 10 6 18 
10 6 10 6 9 
10 6 12 11 14 
10 6 12 11 16 
10 6 12 11 14 
10 6 12 11 18 
10 6 12 11 18 
10 6 12 11 9 
10 6 12 13 14 
10 6 12 13 16 
10 6 12 13 14 
10 6 12 13 18 
10 6 12 13 18 
10 6 12 13 9 
10 6 12 11 14 
10 6 12 11 16 
10 6 12 11 14 
10 6 12 11 18 
10 6 12 11 18 
10 6 12 11 9 
10 6 12 15 14 
10 6 12 15 16 
10 6 12 15 14 
10 6 12 15 18 
10 6 12 15 18 
10 6 12 15 9 
10 6 12 15 14 
10 6 12 15 16 
10 6 12 15 14 
10 6 12 15 18 
10 6 12 15 18 
10 6 12 15 9 
10 6 12 6 14 
10 6 12 6 16 
10 6 12 6 14 
10 6 12 6 18 
10 6 12 6 18 
10 6 12 6 9 
10 6 10 11 14 
10 6 10 11 16 
10 6 10 11 14 
10 6 10 11 18 
10 6 10 11 18 
10 6 10 11 9 
10 6 10 13 14 
10 6 10 13 16 
10 6 10 13 14 
10 6 10 13 18 
10 6 10 13 18 
10 6 10 13 9 
10 6 10 11 14 
10 6 10 11 16 
10 6 10 11 14 
10 6 10 11 18 
10 6 10 11 18 
10 6 10 11 9 
10 6 10 15 14 
10 6 10 15 16 
10 6 10 15 14 
10 6 10 15 18 
10 6 10 15 18 
10 6 10 15 9 
10 6 10 15 14 
10 6 10 15 16 
10 6 10 15 14 
10 6 10 15 18 
10 6 10 15 18 
10 6 10 15 9 
10 6 10 6 14 
10 6 10 6 16 
10 6 10 6 14 
10 6 10 6 18 
10 6 10 6 18 
10 6 10 6 9 
10 6 14 11 14 
10 6 14 11 16 
10 6 14 11 14 
10 6 14 11 18 
10 6 14 11 18 
10 6 14 11 9 
10 6 14 13 14 
10 6 14 13 16 
10 6 14 13 14 
10 6 14 13 18 
10 6 14 13 18 
10 6 14 13 9 
10 6 14 11 14 
10 6 14 11 16 
10 6 14 11 14 
10 6 14 11 18 
10 6 14 11 18 
10 6 14 11 9 
10 6 14 15 14 
10 6 14 15 16 
10 6 14 15 14 
10 6 14 15 18 
10 6 14 15 18 
10 6 14 15 9 
10 6 14 15 14 
10 6 14 15 16 
10 6 14 15 14 
10 6 14 15 18 
10 6 14 15 18 
10 6 14 15 9 
10 6 14 6 14 
10 6 14 6 16 
10 6 14 6 14 
10 6 14 6 18 
10 6 14 6 18 
10 6 14 6 9 
10 6 14 11 14 
10 6 14 11 16 
10 6 14 11 14 
10 6 14 11 18 
10 6 14 11 18 
10 6 14 11 9 
10 6 14 13 14 
10 6 14 13 16 
10 6 14 13 14 
10 6 14 13 18 
10 6 14 13 18 
10 6 14 13 9 
10 6 14 11 14 
10 6 14 11 16 
10 6 14 11 14 
10 6 14 11 18 
10 6 14 11 18 
10 6 14 11 9 
10 6 14 15 14 
10 6 14 15 16 
10 6 14 15 14 
10 6 14 15 18 
10 6 14 15 18 
10 6 14 15 9 
10 6 14 15 14 
10 6 14 15 16 
10 6 14 15 14 
10 6 14 15 18 
10 6 14 15 18 
10 6 14 15 9 
10 6 14 6 14 
10 6 14 6 16 
10 6 14 6 14 
10 6 14 6 18 
10 6 14 6 18 
10 6 14 6 9 
10 6 5 11 14 
10 6 5 11 16 
10 6 5 11 14 
10 6 5 11 18 
10 6 5 11 18 
10 6 5 11 9 
10 6 5 13 14 
10 6 5 13 16 
10 6 5 13 14 
10 6 5 13 18 
10 6 5 13 18 
10 6 5 13 9 
10 6 5 11 14 
10 6 5 11 16 
10 6 5 11 14 
10 6 5 11 18 
10 6 5 11 18 
10 6 5 11 9 
10 6 5 15 14 
10 6 5 15 16 
10 6 5 15 14 
10 6 5 15 18 
10 6 5 15 18 
10 6 5 15 9 
10 6 5 15 14 
10 6 5 15 16 
10 6 5 15 14 
10 6 5 15 18 
10 6 5 15 18 
10 6 5 15 9 
10 6 5 6 14 
10 6 5 6 16 
10 6 5 6 14 
10 6 5 6 18 
10 6 5 6 18 
10 6 5 6 9 
10 8 10 11 14 
10 8 10 11 16 
10 8 10 11 14 
10 8 10 11 18 
10 8 10 11 18 
10 8 10 11 9 
10 8 10 13 14 
10 8 10 13 16 
10 8 10 13 14 
10 8 10 13 18 
10 8 10 13 18 
10 8 10 13 9 
10 8 10 11 14 
10 8 10 11 16 
10 8 10 11 14 
10 8 10 11 18 
10 8 10 11 18 
10 8 10 11 9 
10 8 10 15 14 
10 8 10 15 16 
10 8 10 15 14 
10 8 10 15 18 
10 8 10 15 18 
10 8 10 15 9 
10 8 10 15 14 
10 8 10 15 16 
10 8 10 15 14 
10 8 10 15 18 
10 8 10 15 18 
10 8 10 15 9 
10 8 10 6 14 
10 8 10 6 16 
10 8 10 6 14 
10 8 10 6 18 
10 8 10 6 18 
10 8 10 6 9 
10 8 12 11 14 
10 8 12 11 16 
10 8 12 11 14 
10 8 12 11 18 
10 8 12 11 18 
10 8 12 11 9 
10 8 12 13 14 
10 8 12 13 16 
10 8 12 13 14 
10 8 12 13 18 
10 8 12 13 18 
10 8 12 13 9 
10 8 12 11 14 
10 8 12 11 16 
10 8 12 11 14 
10 8 12 11 18 
10 8 12 11 18 
10 8 12 11 9 
10 8 12 15 14 
10 8 12 15 16 
10 8 12 15 14 
10 8 12 15 18 
10 8 12 15 18 
10 8 12 15 9 
10 8 12 15 14 
10 8 12 15 16 
10 8 12 15 14 
10 8 12 15 18 
10 8 12 15 18 
10 8 12 15 9 
10 8 12 6 14 
10 8 12 6 16 
10 8 12 6 14 
10 8 12 6 18 
10 8 12 6 18 
10 8 12 6 9 
10 8 10 11 14 
10 8 10 11 16 
10 8 10 11 14 
10 8 10 11 18 
10 8 10 11 18 
10 8 10 11 9 
10 8 10 13 14 
10 8 10 13 16 
10 8 10 13 14 
10 8 10 13 18 
10 8 10 13 18 
10 8 10 13 9 
10 8 10 11 14 
10 8 10 11 16 
10 8 10 11 14 
10 8 10 11 18 
10 8 10 11 18 
10 8 10 11 9 
10 8 10 15 14 
10 8 10 15 16 
10 8 10 15 14 
10 8 10 15 18 
10 8 10 15 18 
10 8 10 15 9 
10 8 10 15 14 
10 8 10 15 16 
10 8 10 15 14 
10 8 10 15 18 
10 8 10 15 18 
10 8 10 15 9 
10 8 10 6 14 
10 8 10 6 16 
10 8 10 6 14 
10 8 10 6 18 
10 8 10 6 18 
10 8 10 6 9 
10 8 14 11 14 
10 8 14 11 16 
10 8 14 11 14 
10 8 14 11 18 
10 8 14 11 18 
10 8 14 11 9 
10 8 14 13 14 
10 8 14 13 16 
10 8 14 13 14 
10 8 14 13 18 
10 8 14 13 18 
10 8 14 13 9 
10 8 14 11 14 
10 8 14 11 16 
10 8 14 11 14 
10 8 14 11 18 
10 8 14 11 18 
10 8 14 11 9 
10 8 14 15 14 
10 8 14 15 16 
10 8 14 15 14 
10 8 14 15 18 
10 8 14 15 18 
10 8 14 15 9 
10 8 14 15 14 
10 8 14 15 16 
10 8 14 15 14 
10 8 14 15 18 
10 8 14 15 18 
10 8 14 15 9 
10 8 14 6 14 
10 8 14 6 16 
10 8 14 6 14 
10 8 14 6 18 
10 8 14 6 18 
10 8 14 6 9 
10 8 14 11 14 
10 8 14 11 16 
10 8 14 11 14 
10 8 14 11 18 
10 8 14 11 18 
10 8 14 11 9 
10 8 14 13 14 
10 8 14 13 16 
10 8 14 13 14 
10 8 14 13 18 
10 8 14 13 18 
10 8 14 13 9 
10 8 14 11 14 
10 8 14 11 16 
10 8 14 11 14 
10 8 14 11 18 
10 8 14 11 18 
10 8 14 11 9 
10 8 14 15 14 
10 8 14 15 16 
10 8 14 15 14 
10 8 14 15 18 
10 8 14 15 18 
10 8 14 15 9 
10 8 14 15 14 
10 8 14 15 16 
10 8 14 15 14 
10 8 14 15 18 
10 8 14 15 18 
10 8 14 15 9 
10 8 14 6 14 
10 8 14 6 16 
10 8 14 6 14 
10 8 14 6 18 
10 8 14 6 18 
10 8 14 6 9 
10 8 5 11 14 
10 8 5 11 16 
10 8 5 11 14 
10 8 5 11 18 
10 8 5 11 18 
10 8 5 11 9 
10 8 5 13 14 
10 8 5 13 16 
10 8 5 13 14 
10 8 5 13 18 
10 8 5 13 18 
10 8 5 13 9 
10 8 5 11 14 
10 8 5 11 16 
10 8 5 11 14 
10 8 5 11 18 
10 8 5 11 18 
10 8 5 11 9 
10 8 5 15 14 
10 8 5 15 16 
10 8 5 15 14 
10 8 5 15 18 
10 8 5 15 18 
10 8 5 15 9 
10 8 5 15 14 
10 8 5 15 16 
10 8 5 15 14 
10 8 5 15 18 
10 8 5 15 18 
10 8 5 15 9 
10 8 5 6 14 
10 8 5 6 16 
10 8 5 6 14 
10 8 5 6 18 
10 8 5 6 18 
10 8 5 6 9 
10 6 10 11 14 
10 6 10 11 16 
10 6 10 11 14 
10 6 10 11 18 
10 6 10 11 18 
10 6 10 11 9 
10 6 10 13 14 
10 6 10 13 16 
10 6 10 13 14 
10 6 10 13 18 
10 6 10 13 18 
10 6 10 13 9 
10 6 10 11 14 
10 6 10 11 16 
10 6 10 11 14 
10 6 10 11 18 
10 6 10 11 18 
10 6 10 11 9 
10 6 10 15 14 
10 6 10 15 16 
10 6 10 15 14 
10 6 10 15 18 
10 6 10 15 18 
10 6 10 15 9 
10 6 10 15 14 
10 6 10 15 16 
10 6 10 15 14 
10 6 10 15 18 
10 6 10 15 18 
10 6 10 15 9 
10 6 10 6 14 
10 6 10 6 16 
10 6 10 6 14 
10 6 10 6 18 
10 6 10 6 18 
10 6 10 6 9 
10 6 12 11 14 
10 6 12 11 16 
10 6 12 11 14 
10 6 12 11 18 
10 6 12 11 18 
10 6 12 11 9 
10 6 12 13 14 
10 6 12 13 16 
10 6 12 13 14 
10 6 12 13 18 
10 6 12 13 18 
10 6 12 13 9 
10 6 12 11 14 
10 6 12 11 16 
10 6 12 11 14 
10 6 12 11 18 
10 6 12 11 18 
10 6 12 11 9 
10 6 12 15 14 
10 6 12 15 16 
10 6 12 15 14 
10 6 12 15 18 
10 6 12 15 18 
10 6 12 15 9 
10 6 12 15 14 
10 6 12 15 16 
10 6 12 15 14 
10 6 12 15 18 
10 6 12 15 18 
10 6 12 15 9 
10 6 12 6 14 
10 6 12 6 16 
10 6 12 6 14 
10 6 12 6 18 
10 6 12 6 18 
10 6 12 6 9 
10 6 10 11 14 
10 6 10 11 16 
10 6 10 11 14 
10 6 10 11 18 
10 6 10 11 18 
10 6 10 11 9 
10 6 10 13 14 
10 6 10 13 16 
10 6 10 13 14 
10 6 10 13 18 
10 6 10 13 18 
10 6 10 13 9 
10 6 10 11 14 
10 6 10 11 16 
10 6 10 11 14 
10 6 10 11 18 
10 6 10 11 18 
10 6 10 11 9 
10 6 10 15 14 
10 6 10 15 16 
10 6 10 15 14 
10 6 10 15 18 
10 6 10 15 18 
10 6 10 15 9 
10 6 10 15 14 
10 6 10 15 16 
10 6 10 15 14 
10 6 10 15 18 
10 6 10 15 18 
10 6 10 15 9 
10 6 10 6 14 
10 6 10 6 16 
10 6 10 6 14 
10 6 10 6 18 
10 6 10 6 18 
10 6 10 6 9 
10 6 14 11 14 
10 6 14 11 16 
10 6 14 11 14 
10 6 14 11 18 
10 6 14 11 18 
10 6 14 11 9 
10 6 14 13 14 
10 6 14 13 16 
10 6 14 13 14 
10 6 14 13 18 
10 6 14 13 18 
10 6 14 13 9 
10 6 14 11 14 
10 6 14 11 16 
10 6 14 11 14 
10 6 14 11 18 
10 6 14 11 18 
10 6 14 11 9 
10 6 14 15 14 
10 6 14 15 16 
10 6 14 15 14 
10 6 14 15 18 
10 6 14 15 18 
10 6 14 15 9 
10 6 14 15 14 
10 6 14 15 16 
10 6 14 15 14 
10 6 14 15 18 
10 6 14 15 18 
10 6 14 15 9 
10 6 14 6 14 
10 6 14 6 16 
10 6 14 6 14 
10 6 14 6 18 
10 6 14 6 18 
10 6 14 6 9 
10 6 14 11 14 
10 6 14 11 16 
10 6 14 11 14 
10 6 14 11 18 
10 6 14 11 18 
10 6 14 11 9 
10 6 14 13 14 
10 6 14 13 16 
10 6 14 13 14 
10 6 14 13 18 
10 6 14 13 18 
10 6 14 13 9 
10 6 14 11 14 
10 6 14 11 16 
10 6 14 11 14 
10 6 14 11 18 
10 6 14 11 18 
10 6 14 11 9 
10 6 14 15 14 
10 6 14 15 16 
10 6 14 15 14 
10 6 14 15 18 
10 6 14 15 18 
10 6 14 15 9 
10 6 14 15 14 
10 6 14 15 16 
10 6 14 15 14 
10 6 14 15 18 
10 6 14 15 18 
10 6 14 15 9 
10 6 14 6 14 
10 6 14 6 16 
10 6 14 6 14 
10 6 14 6 18 
10 6 14 6 18 
10 6 14 6 9 
10 6 5 11 14 
10 6 5 11 16 
10 6 5 11 14 
10 6 5 11 18 
10 6 5 11 18 
10 6 5 11 9 
10 6 5 13 14 
10 6 5 13 16 
10 6 5 13 14 
10 6 5 13 18 
10 6 5 13 18 
10 6 5 13 9 
10 6 5 11 14 
10 6 5 11 16 
10 6 5 11 14 
10 6 5 11 18 
10 6 5 11 18 
10 6 5 11 9 
10 6 5 15 14 
10 6 5 15 16 
10 6 5 15 14 
10 6 5 15 18 
10 6 5 15 18 
10 6 5 15 9 
10 6 5 15 14 
10 6 5 15 16 
10 6 5 15 14 
10 6 5 15 18 
10 6 5 15 18 
10 6 5 15 9 
10 6 5 6 14 
10 6 5 6 16 
10 6 5 6 14 
10 6 5 6 18 
10 6 5 6 18 
10 6 5 6 9 
10 10 10 11 14 
10 10 10 11 16 
10 10 10 11 14 
10 10 10 11 18 
10 10 10 11 18 
10 10 10 11 9 
10 10 10 13 14 
10 10 10 13 16 
10 10 10 13 14 
10 10 10 13 18 
10 10 10 13 18 
10 10 10 13 9 
10 10 10 11 14 
10 10 10 11 16 
10 10 10 11 14 
10 10 10 11 18 
10 10 10 11 18 
10 10 10 11 9 
10 10 10 15 14 
10 10 10 15 16 
10 10 10 15 14 
10 10 10 15 18 
10 10 10 15 18 
10 10 10 15 9 
10 10 10 15 14 
10 10 10 15 16 
10 10 10 15 14 
10 10 10 15 18 
10 10 10 15 18 
10 10 10 15 9 
10 10 10 6 14 
10 10 10 6 16 
10 10 10 6 14 
10 10 10 6 18 
10 10 10 6 18 
10 10 10 6 9 
10 10 12 11 14 
10 10 12 11 16 
10 10 12 11 14 
10 10 12 11 18 
10 10 12 11 18 
10 10 12 11 9 
10 10 12 13 14 
10 10 12 13 16 
10 10 12 13 14 
10 10 12 13 18 
10 10 12 13 18 
10 10 12 13 9 
10 10 12 11 14 
10 10 12 11 16 
10 10 12 11 14 
10 10 12 11 18 
10 10 12 11 18 
10 10 12 11 9 
10 10 12 15 14 
10 10 12 15 16 
10 10 12 15 14 
10 10 12 15 18 
10 10 12 15 18 
10 10 12 15 9 
10 10 12 15 14 
10 10 12 15 16 
10 10 12 15 14 
10 10 12 15 18 
10 10 12 15 18 
10 10 12 15 9 
10 10 12 6 14 
10 10 12 6 16 
10 10 12 6 14 
10 10 12 6 18 
10 10 12 6 18 
10 10 12 6 9 
10 10 10 11 14 
10 10 10 11 16 
10 10 10 11 14 
10 10 10 11 18 
10 10 10 11 18 
10 10 10 11 9 
10 10 10 13 14 
10 10 10 13 16 
10 10 10 13 14 
10 10 10 13 18 
10 10 10 13 18 
10 10 10 13 9 
10 10 10 11 14 
10 10 10 11 16 
10 10 10 11 14 
10 10 10 11 18 
10 10 10 11 18 
10 10 10 11 9 
10 10 10 15 14 
10 10 10 15 16 
10 10 10 15 14 
10 10 10 15 18 
10 10 10 15 18 
10 10 10 15 9 
10 10 10 15 14 
10 10 10 15 16 
10 10 10 15 14 
10 10 10 15 18 
10 10 10 15 18 
10 10 10 15 9 
10 10 10 6 14 
10 10 10 6 16 
10 10 10 6 14 
10 10 10 6 18 
10 10 10 6 18 
10 10 10 6 9 
10 10 14 11 14 
10 10 14 11 16 
10 10 14 11 14 
10 10 14 11 18 
10 10 14 11 18 
10 10 14 11 9 
10 10 14 13 14 
10 10 14 13 16 
10 10 14 13 14 
10 10 14 13 18 
10 10 14 13 18 
10 10 14 13 9 
10 10 14 11 14 
10 10 14 11 16 
10 10 14 11 14 
10 10 14 11 18 
10 10 14 11 18 
10 10 14 11 9 
10 10 14 15 14 
10 10 14 15 16 
10 10 14 15 14 
10 10 14 15 18 
10 10 14 15 18 
10 10 14 15 9 
10 10 14 15 14 
10 10 14 15 16 
10 10 14 15 14 
10 10 14 15 18 
10 10 14 15 18 
10 10 14 15 9 
10 10 14 6 14 
10 10 14 6 16 
10 10 14 6 14 
10 10 14 6 18 
10 10 14 6 18 
10 10 14 6 9 
10 10 14 11 14 
10 10 14 11 16 
10 10 14 11 14 
10 10 14 11 18 
10 10 14 11 18 
10 10 14 11 9 
10 10 14 13 14 
10 10 14 13 16 
10 10 14 13 14 
10 10 14 13 18 
10 10 14 13 18 
10 10 14 13 9 
10 10 14 11 14 
10 10 14 11 16 
10 10 14 11 14 
10 10 14 11 18 
10 10 14 11 18 
10 10 14 11 9 
10 10 14 15 14 
10 10 14 15 16 
10 10 14 15 14 
10 10 14 15 18 
10 10 14 15 18 
10 10 14 15 9 
10 10 14 15 14 
10 10 14 15 16 
10 10 14 15 14 
10 10 14 15 18 
10 10 14 15 18 
10 10 14 15 9 
10 10 14 6 14 
10 10 14 6 16 
10 10 14 6 14 
10 10 14 6 18 
10 10 14 6 18 
10 10 14 6 9 
10 10 5 11 14 
10 10 5 11 16 
10 10 5 11 14 
10 10 5 11 18 
10 10 5 11 18 
10 10 5 11 9 
10 10 5 13 14 
10 10 5 13 16 
10 10 5 13 14 
10 10 5 13 18 
10 10 5 13 18 
10 10 5 13 9 
10 10 5 11 14 
10 10 5 11 16 
10 10 5 11 14 
10 10 5 11 18 
10 10 5 11 18 
10 10 5 11 9 
10 10 5 15 14 
10 10 5 15 16 
10 10 5 15 14 
10 10 5 15 18 
10 10 5 15 18 
10 10 5 15 9 
10 10 5 15 14 
10 10 5 15 16 
10 10 5 15 14 
10 10 5 15 18 
10 10 5 15 18 
10 10 5 15 9 
10 10 5 6 14 
10 10 5 6 16 
10 10 5 6 14 
10 10 5 6 18 
10 10 5 6 18 
10 10 5 6 9 
10 10 10 11 14 
10 10 10 11 16 
10 10 10 11 14 
10 10 10 11 18 
10 10 10 11 18 
10 10 10 11 9 
10 10 10 13 14 
10 10 10 13 16 
10 10 10 13 14 
10 10 10 13 18 
10 10 10 13 18 
10 10 10 13 9 
10 10 10 11 14 
10 10 10 11 16 
10 10 10 11 14 
10 10 10 11 18 
10 10 10 11 18 
10 10 10 11 9 
10 10 10 15 14 
10 10 10 15 16 
10 10 10 15 14 
10 10 10 15 18 
10 10 10 15 18 
10 10 10 15 9 
10 10 10 15 14 
10 10 10 15 16 
10 10 10 15 14 
10 10 10 15 18 
10 10 10 15 18 
10 10 10 15 9 
10 10 10 6 14 
10 10 10 6 16 
10 10 10 6 14 
10 10 10 6 18 
10 10 10 6 18 
10 10 10 6 9 
10 10 12 11 14 
10 10 12 11 16 
10 10 12 11 14 
10 10 12 11 18 
10 10 12 11 18 
10 10 12 11 9 
10 10 12 13 14 
10 10 12 13 16 
10 10 12 13 14 
10 10 12 13 18 
10 10 12 13 18 
10 10 12 13 9 
10 10 12 11 14 
10 10 12 11 16 
10 10 12 11 14 
10 10 12 11 18 
10 10 12 11 18 
10 10 12 11 9 
10 10 12 15 14 
10 10 12 15 16 
10 10 12 15 14 
10 10 12 15 18 
10 10 12 15 18 
10 10 12 15 9 
10 10 12 15 14 
10 10 12 15 16 
10 10 12 15 14 
10 10 12 15 18 
10 10 12 15 18 
10 10 12 15 9 
10 10 12 6 14 
10 10 12 6 16 
10 10 12 6 14 
10 10 12 6 18 
10 10 12 6 18 
10 10 12 6 9 
10 10 10 11 14 
10 10 10 11 16 
10 10 10 11 14 
10 10 10 11 18 
10 10 10 11 18 
10 10 10 11 9 
10 10 10 13 14 
10 10 10 13 16 
10 10 10 13 14 
10 10 10 13 18 
10 10 10 13 18 
10 10 10 13 9 
10 10 10 11 14 
10 10 10 11 16 
10 10 10 11 14 
10 10 10 11 18 
10 10 10 11 18 
10 10 10 11 9 
10 10 10 15 14 
10 10 10 15 16 
10 10 10 15 14 
10 10 10 15 18 
10 10 10 15 18 
10 10 10 15 9 
10 10 10 15 14 
10 10 10 15 16 
10 10 10 15 14 
10 10 10 15 18 
10 10 10 15 18 
10 10 10 15 9 
10 10 10 6 14 
10 10 10 6 16 
10 10 10 6 14 
10 10 10 6 18 
10 10 10 6 18 
10 10 10 6 9 
10 10 14 11 14 
10 10 14 11 16 
10 10 14 11 14 
10 10 14 11 18 
10 10 14 11 18 
10 10 14 11 9 
10 10 14 13 14 
10 10 14 13 16 
10 10 14 13 14 
10 10 14 13 18 
10 10 14 13 18 
10 10 14 13 9 
10 10 14 11 14 
10 10 14 11 16 
10 10 14 11 14 
10 10 14 11 18 
10 10 14 11 18 
10 10 14 11 9 
10 10 14 15 14 
10 10 14 15 16 
10 10 14 15 14 
10 10 14 15 18 
10 10 14 15 18 
10 10 14 15 9 
10 10 14 15 14 
10 10 14 15 16 
10 10 14 15 14 
10 10 14 15 18 
10 10 14 15 18 
10 10 14 15 9 
10 10 14 6 14 
10 10 14 6 16 
10 10 14 6 14 
10 10 14 6 18 
10 10 14 6 18 
10 10 14 6 9 
10 10 14 11 14 
10 10 14 11 16 
10 10 14 11 14 
10 10 14 11 18 
10 10 14 11 18 
10 10 14 11 9 
10 10 14 13 14 
10 10 14 13 16 
10 10 14 13 14 
10 10 14 13 18 
10 10 14 13 18 
10 10 14 13 9 
10 10 14 11 14 
10 10 14 11 16 
10 10 14 11 14 
10 10 14 11 18 
10 10 14 11 18 
10 10 14 11 9 
10 10 14 15 14 
10 10 14 15 16 
10 10 14 15 14 
10 10 14 15 18 
10 10 14 15 18 
10 10 14 15 9 
10 10 14 15 14 
10 10 14 15 16 
10 10 14 15 14 
10 10 14 15 18 
10 10 14 15 18 
10 10 14 15 9 
10 10 14 6 14 
10 10 14 6 16 
10 10 14 6 14 
10 10 14 6 18 
10 10 14 6 18 
10 10 14 6 9 
10 10 5 11 14 
10 10 5 11 16 
10 10 5 11 14 
10 10 5 11 18 
10 10 5 11 18 
10 10 5 11 9 
10 10 5 13 14 
10 10 5 13 16 
10 10 5 13 14 
10 10 5 13 18 
10 10 5 13 18 
10 10 5 13 9 
10 10 5 11 14 
10 10 5 11 16 
10 10 5 11 14 
10 10 5 11 18 
10 10 5 11 18 
10 10 5 11 9 
10 10 5 15 14 
10 10 5 15 16 
10 10 5 15 14 
10 10 5 15 18 
10 10 5 15 18 
10 10 5 15 9 
10 10 5 15 14 
10 10 5 15 16 
10 10 5 15 14 
10 10 5 15 18 
10 10 5 15 18 
10 10 5 15 9 
10 10 5 6 14 
10 10 5 6 16 
10 10 5 6 14 
10 10 5 6 18 
10 10 5 6 18 
10 10 5 6 9 
10 1 10 11 14 
10 1 10 11 16 
10 1 10 11 14 
10 1 10 11 18 
10 1 10 11 18 
10 1 10 11 9 
10 1 10 13 14 
10 1 10 13 16 
10 1 10 13 14 
10 1 10 13 18 
10 1 10 13 18 
10 1 10 13 9 
10 1 10 11 14 
10 1 10 11 16 
10 1 10 11 14 
10 1 10 11 18 
10 1 10 11 18 
10 1 10 11 9 
10 1 10 15 14 
10 1 10 15 16 
10 1 10 15 14 
10 1 10 15 18 
10 1 10 15 18 
10 1 10 15 9 
10 1 10 15 14 
10 1 10 15 16 
10 1 10 15 14 
10 1 10 15 18 
10 1 10 15 18 
10 1 10 15 9 
10 1 10 6 14 
10 1 10 6 16 
10 1 10 6 14 
10 1 10 6 18 
10 1 10 6 18 
10 1 10 6 9 
10 1 12 11 14 
10 1 12 11 16 
10 1 12 11 14 
10 1 12 11 18 
10 1 12 11 18 
10 1 12 11 9 
10 1 12 13 14 
10 1 12 13 16 
10 1 12 13 14 
10 1 12 13 18 
10 1 12 13 18 
10 1 12 13 9 
10 1 12 11 14 
10 1 12 11 16 
10 1 12 11 14 
10 1 12 11 18 
10 1 12 11 18 
10 1 12 11 9 
10 1 12 15 14 
10 1 12 15 16 
10 1 12 15 14 
10 1 12 15 18 
10 1 12 15 18 
10 1 12 15 9 
10 1 12 15 14 
10 1 12 15 16 
10 1 12 15 14 
10 1 12 15 18 
10 1 12 15 18 
10 1 12 15 9 
10 1 12 6 14 
10 1 12 6 16 
10 1 12 6 14 
10 1 12 6 18 
10 1 12 6 18 
10 1 12 6 9 
10 1 10 11 14 
10 1 10 11 16 
10 1 10 11 14 
10 1 10 11 18 
10 1 10 11 18 
10 1 10 11 9 
10 1 10 13 14 
10 1 10 13 16 
10 1 10 13 14 
10 1 10 13 18 
10 1 10 13 18 
10 1 10 13 9 
10 1 10 11 14 
10 1 10 11 16 
10 1 10 11 14 
10 1 10 11 18 
10 1 10 11 18 
10 1 10 11 9 
10 1 10 15 14 
10 1 10 15 16 
10 1 10 15 14 
10 1 10 15 18 
10 1 10 15 18 
10 1 10 15 9 
10 1 10 15 14 
10 1 10 15 16 
10 1 10 15 14 
10 1 10 15 18 
10 1 10 15 18 
10 1 10 15 9 
10 1 10 6 14 
10 1 10 6 16 
10 1 10 6 14 
10 1 10 6 18 
10 1 10 6 18 
10 1 10 6 9 
10 1 14 11 14 
10 1 14 11 16 
10 1 14 11 14 
10 1 14 11 18 
10 1 14 11 18 
10 1 14 11 9 
10 1 14 13 14 
10 1 14 13 16 
10 1 14 13 14 
10 1 14 13 18 
10 1 14 13 18 
10 1 14 13 9 
10 1 14 11 14 
10 1 14 11 16 
10 1 14 11 14 
10 1 14 11 18 
10 1 14 11 18 
10 1 14 11 9 
10 1 14 15 14 
10 1 14 15 16 
10 1 14 15 14 
10 1 14 15 18 
10 1 14 15 18 
10 1 14 15 9 
10 1 14 15 14 
10 1 14 15 16 
10 1 14 15 14 
10 1 14 15 18 
10 1 14 15 18 
10 1 14 15 9 
10 1 14 6 14 
10 1 14 6 16 
10 1 14 6 14 
10 1 14 6 18 
10 1 14 6 18 
10 1 14 6 9 
10 1 14 11 14 
10 1 14 11 16 
10 1 14 11 14 
10 1 14 11 18 
10 1 14 11 18 
10 1 14 11 9 
10 1 14 13 14 
10 1 14 13 16 
10 1 14 13 14 
10 1 14 13 18 
10 1 14 13 18 
10 1 14 13 9 
10 1 14 11 14 
10 1 14 11 16 
10 1 14 11 14 
10 1 14 11 18 
10 1 14 11 18 
10 1 14 11 9 
10 1 14 15 14 
10 1 14 15 16 
10 1 14 15 14 
10 1 14 15 18 
10 1 14 15 18 
10 1 14 15 9 
10 1 14 15 14 
10 1 14 15 16 
10 1 14 15 14 
10 1 14 15 18 
10 1 14 15 18 
10 1 14 15 9 
10 1 14 6 14 
10 1 14 6 16 
10 1 14 6 14 
10 1 14 6 18 
10 1 14 6 18 
10 1 14 6 9 
10 1 5 11 14 
10 1 5 11 16 
10 1 5 11 14 
10 1 5 11 18 
10 1 5 11 18 
10 1 5 11 9 
10 1 5 13 14 
10 1 5 13 16 
10 1 5 13 14 
10 1 5 13 18 
10 1 5 13 18 
10 1 5 13 9 
10 1 5 11 14 
10 1 5 11 16 
10 1 5 11 14 
10 1 5 11 18 
10 1 5 11 18 
10 1 5 11 9 
10 1 5 15 14 
10 1 5 15 16 
10 1 5 15 14 
10 1 5 15 18 
10 1 5 15 18 
10 1 5 15 9 
10 1 5 15 14 
10 1 5 15 16 
10 1 5 15 14 
10 1 5 15 18 
10 1 5 15 18 
10 1 5 15 9 
10 1 5 6 14 
10 1 5 6 16 
10 1 5 6 14 
10 1 5 6 18 
10 1 5 6 18 
10 1 5 6 9 
1 6 10 11 14 
1 6 10 11 16 
1 6 10 11 14 
1 6 10 11 18 
1 6 10 11 18 
1 6 10 11 9 
1 6 10 13 14 
1 6 10 13 16 
1 6 10 13 14 
1 6 10 13 18 
1 6 10 13 18 
1 6 10 13 9 
1 6 10 11 14 
1 6 10 11 16 
1 6 10 11 14 
1 6 10 11 18 
1 6 10 11 18 
1 6 10 11 9 
1 6 10 15 14 
1 6 10 15 16 
1 6 10 15 14 
1 6 10 15 18 
1 6 10 15 18 
1 6 10 15 9 
1 6 10 15 14 
1 6 10 15 16 
1 6 10 15 14 
1 6 10 15 18 
1 6 10 15 18 
1 6 10 15 9 
1 6 10 6 14 
1 6 10 6 16 
1 6 10 6 14 
1 6 10 6 18 
1 6 10 6 18 
1 6 10 6 9 
1 6 12 11 14 
1 6 12 11 16 
1 6 12 11 14 
1 6 12 11 18 
1 6 12 11 18 
1 6 12 11 9 
1 6 12 13 14 
1 6 12 13 16 
1 6 12 13 14 
1 6 12 13 18 
1 6 12 13 18 
1 6 12 13 9 
1 6 12 11 14 
1 6 12 11 16 
1 6 12 11 14 
1 6 12 11 18 
1 6 12 11 18 
1 6 12 11 9 
1 6 12 15 14 
1 6 12 15 16 
1 6 12 15 14 
1 6 12 15 18 
1 6 12 15 18 
1 6 12 15 9 
1 6 12 15 14 
1 6 12 15 16 
1 6 12 15 14 
1 6 12 15 18 
1 6 12 15 18 
1 6 12 15 9 
1 6 12 6 14 
1 6 12 6 16 
1 6 12 6 14 
1 6 12 6 18 
1 6 12 6 18 
1 6 12 6 9 
1 6 10 11 14 
1 6 10 11 16 
1 6 10 11 14 
1 6 10 11 18 
1 6 10 11 18 
1 6 10 11 9 
1 6 10 13 14 
1 6 10 13 16 
1 6 10 13 14 
1 6 10 13 18 
1 6 10 13 18 
1 6 10 13 9 
1 6 10 11 14 
1 6 10 11 16 
1 6 10 11 14 
1 6 10 11 18 
1 6 10 11 18 
1 6 10 11 9 
1 6 10 15 14 
1 6 10 15 16 
1 6 10 15 14 
1 6 10 15 18 
1 6 10 15 18 
1 6 10 15 9 
1 6 10 15 14 
1 6 10 15 16 
1 6 10 15 14 
1 6 10 15 18 
1 6 10 15 18 
1 6 10 15 9 
1 6 10 6 14 
1 6 10 6 16 
1 6 10 6 14 
1 6 10 6 18 
1 6 10 6 18 
1 6 10 6 9 
1 6 14 11 14 
1 6 14 11 16 
1 6 14 11 14 
1 6 14 11 18 
1 6 14 11 18 
1 6 14 11 9 
1 6 14 13 14 
1 6 14 13 16 
1 6 14 13 14 
1 6 14 13 18 
1 6 14 13 18 
1 6 14 13 9 
1 6 14 11 14 
1 6 14 11 16 
1 6 14 11 14 
1 6 14 11 18 
1 6 14 11 18 
1 6 14 11 9 
1 6 14 15 14 
1 6 14 15 16 
1 6 14 15 14 
1 6 14 15 18 
1 6 14 15 18 
1 6 14 15 9 
1 6 14 15 14 
1 6 14 15 16 
1 6 14 15 14 
1 6 14 15 18 
1 6 14 15 18 
1 6 14 15 9 
1 6 14 6 14 
1 6 14 6 16 
1 6 14 6 14 
1 6 14 6 18 
1 6 14 6 18 
1 6 14 6 9 
1 6 14 11 14 
1 6 14 11 16 
1 6 14 11 14 
1 6 14 11 18 
1 6 14 11 18 
1 6 14 11 9 
1 6 14 13 14 
1 6 14 13 16 
1 6 14 13 14 
1 6 14 13 18 
1 6 14 13 18 
1 6 14 13 9 
1 6 14 11 14 
1 6 14 11 16 
1 6 14 11 14 
1 6 14 11 18 
1 6 14 11 18 
1 6 14 11 9 
1 6 14 15 14 
1 6 14 15 16 
1 6 14 15 14 
1 6 14 15 18 
1 6 14 15 18 
1 6 14 15 9 
1 6 14 15 14 
1 6 14 15 16 
1 6 14 15 14 
1 6 14 15 18 
1 6 14 15 18 
1 6 14 15 9 
1 6 14 6 14 
1 6 14 6 16 
1 6 14 6 14 
1 6 14 6 18 
1 6 14 6 18 
1 6 14 6 9 
1 6 5 11 14 
1 6 5 11 16 
1 6 5 11 14 
1 6 5 11 18 
1 6 5 11 18 
1 6 5 11 9 
1 6 5 13 14 
1 6 5 13 16 
1 6 5 13 14 
1 6 5 13 18 
1 6 5 13 18 
1 6 5 13 9 
1 6 5 11 14 
1 6 5 11 16 
1 6 5 11 14 
1 6 5 11 18 
1 6 5 11 18 
1 6 5 11 9 
1 6 5 15 14 
1 6 5 15 16 
1 6 5 15 14 
1 6 5 15 18 
1 6 5 15 18 
1 6 5 15 9 
1 6 5 15 14 
1 6 5 15 16 
1 6 5 15 14 
1 6 5 15 18 
1 6 5 15 18 
1 6 5 15 9 
1 6 5 6 14 
1 6 5 6 16 
1 6 5 6 14 
1 6 5 6 18 
1 6 5 6 18 
1 6 5 6 9 
1 8 10 11 14 
1 8 10 11 16 
1 8 10 11 14 
1 8 10 11 18 
1 8 10 11 18 
1 8 10 11 9 
1 8 10 13 14 
1 8 10 13 16 
1 8 10 13 14 
1 8 10 13 18 
1 8 10 13 18 
1 8 10 13 9 
1 8 10 11 14 
1 8 10 11 16 
1 8 10 11 14 
1 8 10 11 18 
1 8 10 11 18 
1 8 10 11 9 
1 8 10 15 14 
1 8 10 15 16 
1 8 10 15 14 
1 8 10 15 18 
1 8 10 15 18 
1 8 10 15 9 
1 8 10 15 14 
1 8 10 15 16 
1 8 10 15 14 
1 8 10 15 18 
1 8 10 15 18 
1 8 10 15 9 
1 8 10 6 14 
1 8 10 6 16 
1 8 10 6 14 
1 8 10 6 18 
1 8 10 6 18 
1 8 10 6 9 
1 8 12 11 14 
1 8 12 11 16 
1 8 12 11 14 
1 8 12 11 18 
1 8 12 11 18 
1 8 12 11 9 
1 8 12 13 14 
1 8 12 13 16 
1 8 12 13 14 
1 8 12 13 18 
1 8 12 13 18 
1 8 12 13 9 
1 8 12 11 14 
1 8 12 11 16 
1 8 12 11 14 
1 8 12 11 18 
1 8 12 11 18 
1 8 12 11 9 
1 8 12 15 14 
1 8 12 15 16 
1 8 12 15 14 
1 8 12 15 18 
1 8 12 15 18 
1 8 12 15 9 
1 8 12 15 14 
1 8 12 15 16 
1 8 12 15 14 
1 8 12 15 18 
1 8 12 15 18 
1 8 12 15 9 
1 8 12 6 14 
1 8 12 6 16 
1 8 12 6 14 
1 8 12 6 18 
1 8 12 6 18 
1 8 12 6 9 
1 8 10 11 14 
1 8 10 11 16 
1 8 10 11 14 
1 8 10 11 18 
1 8 10 11 18 
1 8 10 11 9 
1 8 10 13 14 
1 8 10 13 16 
1 8 10 13 14 
1 8 10 13 18 
1 8 10 13 18 
1 8 10 13 9 
1 8 10 11 14 
1 8 10 11 16 
1 8 10 11 14 
1 8 10 11 18 
1 8 10 11 18 
1 8 10 11 9 
1 8 10 15 14 
1 8 10 15 16 
1 8 10 15 14 
1 8 10 15 18 
1 8 10 15 18 
1 8 10 15 9 
1 8 10 15 14 
1 8 10 15 16 
1 8 10 15 14 
1 8 10 15 18 
1 8 10 15 18 
1 8 10 15 9 
1 8 10 6 14 
1 8 10 6 16 
1 8 10 6 14 
1 8 10 6 18 
1 8 10 6 18 
1 8 10 6 9 
1 8 14 11 14 
1 8 14 11 16 
1 8 14 11 14 
1 8 14 11 18 
1 8 14 11 18 
1 8 14 11 9 
1 8 14 13 14 
1 8 14 13 16 
1 8 14 13 14 
1 8 14 13 18 
1 8 14 13 18 
1 8 14 13 9 
1 8 14 11 14 
1 8 14 11 16 
1 8 14 11 14 
1 8 14 11 18 
1 8 14 11 18 
1 8 14 11 9 
1 8 14 15 14 
1 8 14 15 16 
1 8 14 15 14 
1 8 14 15 18 
1 8 14 15 18 
1 8 14 15 9 
1 8 14 15 14 
1 8 14 15 16 
1 8 14 15 14 
1 8 14 15 18 
1 8 14 15 18 
1 8 14 15 9 
1 8 14 6 14 
1 8 14 6 16 
1 8 14 6 14 
1 8 14 6 18 
1 8 14 6 18 
1 8 14 6 9 
1 8 14 11 14 
1 8 14 11 16 
1 8 14 11 14 
1 8 14 11 18 
1 8 14 11 18 
1 8 14 11 9 
1 8 14 13 14 
1 8 14 13 16 
1 8 14 13 14 
1 8 14 13 18 
1 8 14 13 18 
1 8 14 13 9 
1 8 14 11 14 
1 8 14 11 16 
1 8 14 11 14 
1 8 14 11 18 
1 8 14 11 18 
1 8 14 11 9 
1 8 14 15 14 
1 8 14 15 16 
1 8 14 15 14 
1 8 14 15 18 
1 8 14 15 18 
1 8 14 15 9 
1 8 14 15 14 
1 8 14 15 16 
1 8 14 15 14 
1 8 14 15 18 
1 8 14 15 18 
1 8 14 15 9 
1 8 14 6 14 
1 8 14 6 16 
1 8 14 6 14 
1 8 14 6 18 
1 8 14 6 18 
1 8 14 6 9 
1 8 5 11 14 
1 8 5 11 16 
1 8 5 11 14 
1 8 5 11 18 
1 8 5 11 18 
1 8 5 11 9 
1 8 5 13 14 
1 8 5 13 16 
1 8 5 13 14 
1 8 5 13 18 
1 8 5 13 18 
1 8 5 13 9 
1 8 5 11 14 
1 8 5 11 16 
1 8 5 11 14 
1 8 5 11 18 
1 8 5 11 18 
1 8 5 11 9 
1 8 5 15 14 
1 8 5 15 16 
1 8 5 15 14 
1 8 5 15 18 
1 8 5 15 18 
1 8 5 15 9 
1 8 5 15 14 
1 8 5 15 16 
1 8 5 15 14 
1 8 5 15 18 
1 8 5 15 18 
1 8 5 15 9 
1 8 5 6 14 
1 8 5 6 16 
1 8 5 6 14 
1 8 5 6 18 
1 8 5 6 18 
1 8 5 6 9 
1 6 10 11 14 
1 6 10 11 16 
1 6 10 11 14 
1 6 10 11 18 
1 6 10 11 18 
1 6 10 11 9 
1 6 10 13 14 
1 6 10 13 16 
1 6 10 13 14 
1 6 10 13 18 
1 6 10 13 18 
1 6 10 13 9 
1 6 10 11 14 
1 6 10 11 16 
1 6 10 11 14 
1 6 10 11 18 
1 6 10 11 18 
1 6 10 11 9 
1 6 10 15 14 
1 6 10 15 16 
1 6 10 15 14 
1 6 10 15 18 
1 6 10 15 18 
1 6 10 15 9 
1 6 10 15 14 
1 6 10 15 16 
1 6 10 15 14 
1 6 10 15 18 
1 6 10 15 18 
1 6 10 15 9 
1 6 10 6 14 
1 6 10 6 16 
1 6 10 6 14 
1 6 10 6 18 
1 6 10 6 18 
1 6 10 6 9 
1 6 12 11 14 
1 6 12 11 16 
1 6 12 11 14 
1 6 12 11 18 
1 6 12 11 18 
1 6 12 11 9 
1 6 12 13 14 
1 6 12 13 16 
1 6 12 13 14 
1 6 12 13 18 
1 6 12 13 18 
1 6 12 13 9 
1 6 12 11 14 
1 6 12 11 16 
1 6 12 11 14 
1 6 12 11 18 
1 6 12 11 18 
1 6 12 11 9 
1 6 12 15 14 
1 6 12 15 16 
1 6 12 15 14 
1 6 12 15 18 
1 6 12 15 18 
1 6 12 15 9 
1 6 12 15 14 
1 6 12 15 16 
1 6 12 15 14 
1 6 12 15 18 
1 6 12 15 18 
1 6 12 15 9 
1 6 12 6 14 
1 6 12 6 16 
1 6 12 6 14 
1 6 12 6 18 
1 6 12 6 18 
1 6 12 6 9 
1 6 10 11 14 
1 6 10 11 16 
1 6 10 11 14 
1 6 10 11 18 
1 6 10 11 18 
1 6 10 11 9 
1 6 10 13 14 
1 6 10 13 16 
1 6 10 13 14 
1 6 10 13 18 
1 6 10 13 18 
1 6 10 13 9 
1 6 10 11 14 
1 6 10 11 16 
1 6 10 11 14 
1 6 10 11 18 
1 6 10 11 18 
1 6 10 11 9 
1 6 10 15 14 
1 6 10 15 16 
1 6 10 15 14 
1 6 10 15 18 
1 6 10 15 18 
1 6 10 15 9 
1 6 10 15 14 
1 6 10 15 16 
1 6 10 15 14 
1 6 10 15 18 
1 6 10 15 18 
1 6 10 15 9 
1 6 10 6 14 
1 6 10 6 16 
1 6 10 6 14 
1 6 10 6 18 
1 6 10 6 18 
1 6 10 6 9 
1 6 14 11 14 
1 6 14 11 16 
1 6 14 11 14 
1 6 14 11 18 
1 6 14 11 18 
1 6 14 11 9 
1 6 14 13 14 
1 6 14 13 16 
1 6 14 13 14 
1 6 14 13 18 
1 6 14 13 18 
1 6 14 13 9 
1 6 14 11 14 
1 6 14 11 16 
1 6 14 11 14 
1 6 14 11 18 
1 6 14 11 18 
1 6 14 11 9 
1 6 14 15 14 
1 6 14 15 16 
1 6 14 15 14 
1 6 14 15 18 
1 6 14 15 18 
1 6 14 15 9 
1 6 14 15 14 
1 6 14 15 16 
1 6 14 15 14 
1 6 14 15 18 
1 6 14 15 18 
1 6 14 15 9 
1 6 14 6 14 
1 6 14 6 16 
1 6 14 6 14 
1 6 14 6 18 
1 6 14 6 18 
1 6 14 6 9 
1 6 14 11 14 
1 6 14 11 16 
1 6 14 11 14 
1 6 14 11 18 
1 6 14 11 18 
1 6 14 11 9 
1 6 14 13 14 
1 6 14 13 16 
1 6 14 13 14 
1 6 14 13 18 
1 6 14 13 18 
1 6 14 13 9 
1 6 14 11 14 
1 6 14 11 16 
1 6 14 11 14 
1 6 14 11 18 
1 6 14 11 18 
1 6 14 11 9 
1 6 14 15 14 
1 6 14 15 16 
1 6 14 15 14 
1 6 14 15 18 
1 6 14 15 18 
1 6 14 15 9 
1 6 14 15 14 
1 6 14 15 16 
1 6 14 15 14 
1 6 14 15 18 
1 6 14 15 18 
1 6 14 15 9 
1 6 14 6 14 
1 6 14 6 16 
1 6 14 6 14 
1 6 14 6 18 
1 6 14 6 18 
1 6 14 6 9 
1 6 5 11 14 
1 6 5 11 16 
1 6 5 11 14 
1 6 5 11 18 
1 6 5 11 18 
1 6 5 11 9 
1 6 5 13 14 
1 6 5 13 16 
1 6 5 13 14 
1 6 5 13 18 
1 6 5 13 18 
1 6 5 13 9 
1 6 5 11 14 
1 6 5 11 16 
1 6 5 11 14 
1 6 5 11 18 
1 6 5 11 18 
1 6 5 11 9 
1 6 5 15 14 
1 6 5 15 16 
1 6 5 15 14 
1 6 5 15 18 
1 6 5 15 18 
1 6 5 15 9 
1 6 5 15 14 
1 6 5 15 16 
1 6 5 15 14 
1 6 5 15 18 
1 6 5 15 18 
1 6 5 15 9 
1 6 5 6 14 
1 6 5 6 16 
1 6 5 6 14 
1 6 5 6 18 
1 6 5 6 18 
1 6 5 6 9 
1 10 10 11 14 
1 10 10 11 16 
1 10 10 11 14 
1 10 10 11 18 
1 10 10 11 18 
1 10 10 11 9 
1 10 10 13 14 
1 10 10 13 16 
1 10 10 13 14 
1 10 10 13 18 
1 10 10 13 18 
1 10 10 13 9 
1 10 10 11 14 
1 10 10 11 16 
1 10 10 11 14 
1 10 10 11 18 
1 10 10 11 18 
1 10 10 11 9 
1 10 10 15 14 
1 10 10 15 16 
1 10 10 15 14 
1 10 10 15 18 
1 10 10 15 18 
1 10 10 15 9 
1 10 10 15 14 
1 10 10 15 16 
1 10 10 15 14 
1 10 10 15 18 
1 10 10 15 18 
1 10 10 15 9 
1 10 10 6 14 
1 10 10 6 16 
1 10 10 6 14 
1 10 10 6 18 
1 10 10 6 18 
1 10 10 6 9 
1 10 12 11 14 
1 10 12 11 16 
1 10 12 11 14 
1 10 12 11 18 
1 10 12 11 18 
1 10 12 11 9 
1 10 12 13 14 
1 10 12 13 16 
1 10 12 13 14 
1 10 12 13 18 
1 10 12 13 18 
1 10 12 13 9 
1 10 12 11 14 
1 10 12 11 16 
1 10 12 11 14 
1 10 12 11 18 
1 10 12 11 18 
1 10 12 11 9 
1 10 12 15 14 
1 10 12 15 16 
1 10 12 15 14 
1 10 12 15 18 
1 10 12 15 18 
1 10 12 15 9 
1 10 12 15 14 
1 10 12 15 16 
1 10 12 15 14 
1 10 12 15 18 
1 10 12 15 18 
1 10 12 15 9 
1 10 12 6 14 
1 10 12 6 16 
1 10 12 6 14 
1 10 12 6 18 
1 10 12 6 18 
1 10 12 6 9 
1 10 10 11 14 
1 10 10 11 16 
1 10 10 11 14 
1 10 10 11 18 
1 10 10 11 18 
1 10 10 11 9 
1 10 10 13 14 
1 10 10 13 16 
1 10 10 13 14 
1 10 10 13 18 
1 10 10 13 18 
1 10 10 13 9 
1 10 10 11 14 
1 10 10 11 16 
1 10 10 11 14 
1 10 10 11 18 
1 10 10 11 18 
1 10 10 11 9 
1 10 10 15 14 
1 10 10 15 16 
1 10 10 15 14 
1 10 10 15 18 
1 10 10 15 18 
1 10 10 15 9 
1 10 10 15 14 
1 10 10 15 16 
1 10 10 15 14 
1 10 10 15 18 
1 10 10 15 18 
1 10 10 15 9 
1 10 10 6 14 
1 10 10 6 16 
1 10 10 6 14 
1 10 10 6 18 
1 10 10 6 18 
1 10 10 6 9 
1 10 14 11 14 
1 10 14 11 16 
1 10 14 11 14 
1 10 14 11 18 
1 10 14 11 18 
1 10 14 11 9 
1 10 14 13 14 
1 10 14 13 16 
1 10 14 13 14 
1 10 14 13 18 
1 10 14 13 18 
1 10 14 13 9 
1 10 14 11 14 
1 10 14 11 16 
1 10 14 11 14 
1 10 14 11 18 
1 10 14 11 18 
1 10 14 11 9 
1 10 14 15 14 
1 10 14 15 16 
1 10 14 15 14 
1 10 14 15 18 
1 10 14 15 18 
1 10 14 15 9 
1 10 14 15 14 
1 10 14 15 16 
1 10 14 15 14 
1 10 14 15 18 
1 10 14 15 18 
1 10 14 15 9 
1 10 14 6 14 
1 10 14 6 16 
1 10 14 6 14 
1 10 14 6 18 
1 10 14 6 18 
1 10 14 6 9 
1 10 14 11 14 
1 10 14 11 16 
1 10 14 11 14 
1 10 14 11 18 
1 10 14 11 18 
1 10 14 11 9 
1 10 14 13 14 
1 10 14 13 16 
1 10 14 13 14 
1 10 14 13 18 
1 10 14 13 18 
1 10 14 13 9 
1 10 14 11 14 
1 10 14 11 16 
1 10 14 11 14 
1 10 14 11 18 
1 10 14 11 18 
1 10 14 11 9 
1 10 14 15 14 
1 10 14 15 16 
1 10 14 15 14 
1 10 14 15 18 
1 10 14 15 18 
1 10 14 15 9 
1 10 14 15 14 
1 10 14 15 16 
1 10 14 15 14 
1 10 14 15 18 
1 10 14 15 18 
1 10 14 15 9 
1 10 14 6 14 
1 10 14 6 16 
1 10 14 6 14 
1 10 14 6 18 
1 10 14 6 18 
1 10 14 6 9 
1 10 5 11 14 
1 10 5 11 16 
1 10 5 11 14 
1 10 5 11 18 
1 10 5 11 18 
1 10 5 11 9 
1 10 5 13 14 
1 10 5 13 16 
1 10 5 13 14 
1 10 5 13 18 
1 10 5 13 18 
1 10 5 13 9 
1 10 5 11 14 
1 10 5 11 16 
1 10 5 11 14 
1 10 5 11 18 
1 10 5 11 18 
1 10 5 11 9 
1 10 5 15 14 
1 10 5 15 16 
1 10 5 15 14 
1 10 5 15 18 
1 10 5 15 18 
1 10 5 15 9 
1 10 5 15 14 
1 10 5 15 16 
1 10 5 15 14 
1 10 5 15 18 
1 10 5 15 18 
1 10 5 15 9 
1 10 5 6 14 
1 10 5 6 16 
1 10 5 6 14 
1 10 5 6 18 
1 10 5 6 18 
1 10 5 6 9 
1 10 10 11 14 
1 10 10 11 16 
1 10 10 11 14 
1 10 10 11 18 
1 10 10 11 18 
1 10 10 11 9 
1 10 10 13 14 
1 10 10 13 16 
1 10 10 13 14 
1 10 10 13 18 
1 10 10 13 18 
1 10 10 13 9 
1 10 10 11 14 
1 10 10 11 16 
1 10 10 11 14 
1 10 10 11 18 
1 10 10 11 18 
1 10 10 11 9 
1 10 10 15 14 
1 10 10 15 16 
1 10 10 15 14 
1 10 10 15 18 
1 10 10 15 18 
1 10 10 15 9 
1 10 10 15 14 
1 10 10 15 16 
1 10 10 15 14 
1 10 10 15 18 
1 10 10 15 18 
1 10 10 15 9 
1 10 10 6 14 
1 10 10 6 16 
1 10 10 6 14 
1 10 10 6 18 
1 10 10 6 18 
1 10 10 6 9 
1 10 12 11 14 
1 10 12 11 16 
1 10 12 11 14 
1 10 12 11 18 
1 10 12 11 18 
1 10 12 11 9 
1 10 12 13 14 
1 10 12 13 16 
1 10 12 13 14 
1 10 12 13 18 
1 10 12 13 18 
1 10 12 13 9 
1 10 12 11 14 
1 10 12 11 16 
1 10 12 11 14 
1 10 12 11 18 
1 10 12 11 18 
1 10 12 11 9 
1 10 12 15 14 
1 10 12 15 16 
1 10 12 15 14 
1 10 12 15 18 
1 10 12 15 18 
1 10 12 15 9 
1 10 12 15 14 
1 10 12 15 16 
1 10 12 15 14 
1 10 12 15 18 
1 10 12 15 18 
1 10 12 15 9 
1 10 12 6 14 
1 10 12 6 16 
1 10 12 6 14 
1 10 12 6 18 
1 10 12 6 18 
1 10 12 6 9 
1 10 10 11 14 
1 10 10 11 16 
1 10 10 11 14 
1 10 10 11 18 
1 10 10 11 18 
1 10 10 11 9 
1 10 10 13 14 
1 10 10 13 16 
1 10 10 13 14 
1 10 10 13 18 
1 10 10 13 18 
1 10 10 13 9 
1 10 10 11 14 
1 10 10 11 16 
1 10 10 11 14 
1 10 10 11 18 
1 10 10 11 18 
1 10 10 11 9 
1 10 10 15 14 
1 10 10 15 16 
1 10 10 15 14 
1 10 10 15 18 
1 10 10 15 18 
1 10 10 15 9 
1 10 10 15 14 
1 10 10 15 16 
1 10 10 15 14 
1 10 10 15 18 
1 10 10 15 18 
1 10 10 15 9 
1 10 10 6 14 
1 10 10 6 16 
1 10 10 6 14 
1 10 10 6 18 
1 10 10 6 18 
1 10 10 6 9 
1 10 14 11 14 
1 10 14 11 16 
1 10 14 11 14 
1 10 14 11 18 
1 10 14 11 18 
1 10 14 11 9 
1 10 14 13 14 
1 10 14 13 16 
1 10 14 13 14 
1 10 14 13 18 
1 10 14 13 18 
1 10 14 13 9 
1 10 14 11 14 
1 10 14 11 16 
1 10 14 11 14 
1 10 14 11 18 
1 10 14 11 18 
1 10 14 11 9 
1 10 14 15 14 
1 10 14 15 16 
1 10 14 15 14 
1 10 14 15 18 
1 10 14 15 18 
1 10 14 15 9 
1 10 14 15 14 
1 10 14 15 16 
1 10 14 15 14 
1 10 14 15 18 
1 10 14 15 18 
1 10 14 15 9 
1 10 14 6 14 
1 10 14 6 16 
1 10 14 6 14 
1 10 14 6 18 
1 10 14 6 18 
1 10 14 6 9 
1 10 14 11 14 
1 10 14 11 16 
1 10 14 11 14 
1 10 14 11 18 
1 10 14 11 18 
1 10 14 11 9 
1 10 14 13 14 
1 10 14 13 16 
1 10 14 13 14 
1 10 14 13 18 
1 10 14 13 18 
1 10 14 13 9 
1 10 14 11 14 
1 10 14 11 16 
1 10 14 11 14 
1 10 14 11 18 
1 10 14 11 18 
1 10 14 11 9 
1 10 14 15 14 
1 10 14 15 16 
1 10 14 15 14 
1 10 14 15 18 
1 10 14 15 18 
1 10 14 15 9 
1 10 14 15 14 
1 10 14 15 16 
1 10 14 15 14 
1 10 14 15 18 
1 10 14 15 18 
1 10 14 15 9 
1 10 14 6 14 
1 10 14 6 16 
1 10 14 6 14 
1 10 14 6 18 
1 10 14 6 18 
1 10 14 6 9 
1 10 5 11 14 
1 10 5 11 16 
1 10 5 11 14 
1 10 5 11 18 
1 10 5 11 18 
1 10 5 11 9 
1 10 5 13 14 
1 10 5 13 16 
1 10 5 13 14 
1 10 5 13 18 
1 10 5 13 18 
1 10 5 13 9 
1 10 5 11 14 
1 10 5 11 16 
1 10 5 11 14 
1 10 5 11 18 
1 10 5 11 18 
1 10 5 11 9 
1 10 5 15 14 
1 10 5 15 16 
1 10 5 15 14 
1 10 5 15 18 
1 10 5 15 18 
1 10 5 15 9 
1 10 5 15 14 
1 10 5 15 16 
1 10 5 15 14 
1 10 5 15 18 
1 10 5 15 18 
1 10 5 15 9 
1 10 5 6 14 
1 10 5 6 16 
1 10 5 6 14 
1 10 5 6 18 
1 10 5 6 18 
1 10 5 6 9 
1 1 10 11 14 
1 1 10 11 16 
1 1 10 11 14 
1 1 10 11 18 
1 1 10 11 18 
1 1 10 11 9 
1 1 10 13 14 
1 1 10 13 16 
1 1 10 13 14 
1 1 10 13 18 
1 1 10 13 18 
1 1 10 13 9 
1 1 10 11 14 
1 1 10 11 16 
1 1 10 11 14 
1 1 10 11 18 
1 1 10 11 18 
1 1 10 11 9 
1 1 10 15 14 
1 1 10 15 16 
1 1 10 15 14 
1 1 10 15 18 
1 1 10 15 18 
1 1 10 15 9 
1 1 10 15 14 
1 1 10 15 16 
1 1 10 15 14 
1 1 10 15 18 
1 1 10 15 18 
1 1 10 15 9 
1 1 10 6 14 
1 1 10 6 16 
1 1 10 6 14 
1 1 10 6 18 
1 1 10 6 18 
1 1 10 6 9 
1 1 12 11 14 
1 1 12 11 16 
1 1 12 11 14 
1 1 12 11 18 
1 1 12 11 18 
1 1 12 11 9 
1 1 12 13 14 
1 1 12 13 16 
1 1 12 13 14 
1 1 12 13 18 
1 1 12 13 18 
1 1 12 13 9 
1 1 12 11 14 
1 1 12 11 16 
1 1 12 11 14 
1 1 12 11 18 
1 1 12 11 18 
1 1 12 11 9 
1 1 12 15 14 
1 1 12 15 16 
1 1 12 15 14 
1 1 12 15 18 
1 1 12 15 18 
1 1 12 15 9 
1 1 12 15 14 
1 1 12 15 16 
1 1 12 15 14 
1 1 12 15 18 
1 1 12 15 18 
1 1 12 15 9 
1 1 12 6 14 
1 1 12 6 16 
1 1 12 6 14 
1 1 12 6 18 
1 1 12 6 18 
1 1 12 6 9 
1 1 10 11 14 
1 1 10 11 16 
1 1 10 11 14 
1 1 10 11 18 
1 1 10 11 18 
1 1 10 11 9 
1 1 10 13 14 
1 1 10 13 16 
1 1 10 13 14 
1 1 10 13 18 
1 1 10 13 18 
1 1 10 13 9 
1 1 10 11 14 
1 1 10 11 16 
1 1 10 11 14 
1 1 10 11 18 
1 1 10 11 18 
1 1 10 11 9 
1 1 10 15 14 
1 1 10 15 16 
1 1 10 15 14 
1 1 10 15 18 
1 1 10 15 18 
1 1 10 15 9 
1 1 10 15 14 
1 1 10 15 16 
1 1 10 15 14 
1 1 10 15 18 
1 1 10 15 18 
1 1 10 15 9 
1 1 10 6 14 
1 1 10 6 16 
1 1 10 6 14 
1 1 10 6 18 
1 1 10 6 18 
1 1 10 6 9 
1 1 14 11 14 
1 1 14 11 16 
1 1 14 11 14 
1 1 14 11 18 
1 1 14 11 18 
1 1 14 11 9 
1 1 14 13 14 
1 1 14 13 16 
1 1 14 13 14 
1 1 14 13 18 
1 1 14 13 18 
1 1 14 13 9 
1 1 14 11 14 
1 1 14 11 16 
1 1 14 11 14 
1 1 14 11 18 
1 1 14 11 18 
1 1 14 11 9 
1 1 14 15 14 
1 1 14 15 16 
1 1 14 15 14 
1 1 14 15 18 
1 1 14 15 18 
1 1 14 15 9 
1 1 14 15 14 
1 1 14 15 16 
1 1 14 15 14 
1 1 14 15 18 
1 1 14 15 18 
1 1 14 15 9 
1 1 14 6 14 
1 1 14 6 16 
1 1 14 6 14 
1 1 14 6 18 
1 1 14 6 18 
1 1 14 6 9 
1 1 14 11 14 
1 1 14 11 16 
1 1 14 11 14 
1 1 14 11 18 
1 1 14 11 18 
1 1 14 11 9 
1 1 14 13 14 
1 1 14 13 16 
1 1 14 13 14 
1 1 14 13 18 
1 1 14 13 18 
1 1 14 13 9 
1 1 14 11 14 
1 1 14 11 16 
1 1 14 11 14 
1 1 14 11 18 
1 1 14 11 18 
1 1 14 11 9 
1 1 14 15 14 
1 1 14 15 16 
1 1 14 15 14 
1 1 14 15 18 
1 1 14 15 18 
1 1 14 15 9 
1 1 14 15 14 
1 1 14 15 16 
1 1 14 15 14 
1 1 14 15 18 
1 1 14 15 18 
1 1 14 15 9 
1 1 14 6 14 
1 1 14 6 16 
1 1 14 6 14 
1 1 14 6 18 
1 1 14 6 18 
1 1 14 6 9 
1 1 5 11 14 
1 1 5 11 16 
1 1 5 11 14 
1 1 5 11 18 
1 1 5 11 18 
1 1 5 11 9 
1 1 5 13 14 
1 1 5 13 16 
1 1 5 13 14 
1 1 5 13 18 
1 1 5 13 18 
1 1 5 13 9 
1 1 5 11 14 
1 1 5 11 16 
1 1 5 11 14 
1 1 5 11 18 
1 1 5 11 18 
1 1 5 11 9 
1 1 5 15 14 
1 1 5 15 16 
1 1 5 15 14 
1 1 5 15 18 
1 1 5 15 18 
1 1 5 15 9 
1 1 5 15 14 
1 1 5 15 16 
1 1 5 15 14 
1 1 5 15 18 
1 1 5 15 18 
1 1 5 15 9 
1 1 5 6 14 
1 1 5 6 16 
1 1 5 6 14 
1 1 5 6 18 
1 1 5 6 18 
1 1 5 6 9 
2